  0.000     0.000
  1.000     0.000
  0.000     4.000
  1.000     4.000
  0.000     4.500
  0.500     0.000
  0.000     2.
  0.5       2.
  1.        2.
  0.5       4.
  2.        4.
  0.        4.25
  0.5       4.25
  2.        4.25
  1.5       4.5
  3.000     4.500
  3.000     4.000
  3.        4.25
/
  3   1.000    8  3  7
  3   1.000    6  8  7
  3   1.000    2  8  6
  3   1.000    1  6  7
  3   1.000   10  3  8
  3   1.000    4 10  8
  3   1.000    9  4  8
  3   1.000    2  9  8
  3   0.000   13  5 12
  3   0.000   10 13 12
  3   0.000   10  4 13
  3   0.000    3 10 12
  3   0.000   18 16 14
  3   0.000   17 18 14
  3   0.000   11 17 14
  3   0.000    4 11 14
  3   0.000   15  5 13
  3   0.000   14 15 13
  3   0.000   14 16 15
  3   0.000    4 14 13
/
  16     0.000
  17     0.000
  18     0.000
/
