  5     231               290304                QTRIA5.DAT
  1       1                    0     0.00000000000000e+000
  1       2                    0     0.00000000000000e+000
  1       3                    0     0.00000000000000e+000
  1       4                    0     0.00000000000000e+000
  1       5                    0     0.00000000000000e+000
  1       6                    0     0.00000000000000e+000
  1       7                    0     0.00000000000000e+000
  1       8                    0     0.00000000000000e+000
  1       9                    0     0.00000000000000e+000
  1      10                    0     0.00000000000000e+000
  1      11                    0     0.00000000000000e+000
  1      12                    0     0.00000000000000e+000
  1      13                    0     0.00000000000000e+000
  1      14                    0     0.00000000000000e+000
  1      15                    0     0.00000000000000e+000
  1      16                    0     0.00000000000000e+000
  1      17                    0     0.00000000000000e+000
  1      18                    0     0.00000000000000e+000
  1      19                    0     0.00000000000000e+000
  1      20                    0     0.00000000000000e+000
  1      21                    0     0.00000000000000e+000
  2       2               743750     2.56196952160494e+000
  2       3              -743750    -2.56196952160494e+000
  2       4              -405000    -1.39508928571429e+000
  2       5                    0     0.00000000000000e+000
  2       6               405000     1.39508928571429e+000
  2       7               260000     8.95612874779541e-001
  2       8                    0     0.00000000000000e+000
  2       9                    0     0.00000000000000e+000
  2      10              -260000    -8.95612874779541e-001
  2      11               -98750    -3.40160659171076e-001
  2      12                    0     0.00000000000000e+000
  2      13                    0     0.00000000000000e+000
  2      14                    0     0.00000000000000e+000
  2      15                98750     3.40160659171076e-001
  2      16                11850     4.08192791005291e-002
  2      17                    0     0.00000000000000e+000
  2      18                    0     0.00000000000000e+000
  2      19                    0     0.00000000000000e+000
  2      20                    0     0.00000000000000e+000
  2      21               -11850    -4.08192791005291e-002
  3       3               743750     2.56196952160494e+000
  3       4               405000     1.39508928571429e+000
  3       5                    0     0.00000000000000e+000
  3       6              -405000    -1.39508928571429e+000
  3       7              -260000    -8.95612874779541e-001
  3       8                    0     0.00000000000000e+000
  3       9                    0     0.00000000000000e+000
  3      10               260000     8.95612874779541e-001
  3      11                98750     3.40160659171076e-001
  3      12                    0     0.00000000000000e+000
  3      13                    0     0.00000000000000e+000
  3      14                    0     0.00000000000000e+000
  3      15               -98750    -3.40160659171076e-001
  3      16               -11850    -4.08192791005291e-002
  3      17                    0     0.00000000000000e+000
  3      18                    0     0.00000000000000e+000
  3      19                    0     0.00000000000000e+000
  3      20                    0     0.00000000000000e+000
  3      21                11850     4.08192791005291e-002
  4       4              1072500     3.69440310846561e+000
  4       5             -1150000    -3.96136463844797e+000
  4       6                77500     2.66961529982363e-001
  4       7              -523750    -1.80414324294533e+000
  4       8               293750     1.01187031525573e+000
  4       9               293750     1.01187031525573e+000
  4      10               -63750    -2.19597387566138e-001
  4      11               237500     8.18107914462081e-001
  4      12              -150000    -5.16699735449735e-001
  4      13                12500     4.30583112874780e-002
  4      14              -150000    -5.16699735449735e-001
  4      15                50000     1.72233245149912e-001
  4      16               -20225    -6.96683476631393e-002
  4      17                20625     7.10462136243386e-002
  4      18                -5000    -1.72233245149912e-002
  4      19                -5000    -1.72233245149912e-002
  4      20                20625     7.10462136243386e-002
  4      21               -11025    -3.79774305555556e-002
  5       5              2300000     7.92272927689594e+000
  5       6             -1150000    -3.96136463844797e+000
  5       7               587500     2.02374063051146e+000
  5       8              -587500    -2.02374063051146e+000
  5       9              -587500    -2.02374063051146e+000
  5      10               587500     2.02374063051146e+000
  5      11              -287500    -9.90341159611993e-001
  5      12               300000     1.03339947089947e+000
  5      13               -25000    -8.61166225749559e-002
  5      14               300000     1.03339947089947e+000
  5      15              -287500    -9.90341159611993e-001
  5      16                31250     1.07645778218695e-001
  5      17               -41250    -1.42092427248677e-001
  5      18                10000     3.44466490299824e-002
  5      19                10000     3.44466490299824e-002
  5      20               -41250    -1.42092427248677e-001
  5      21                31250     1.07645778218695e-001
  6       6              1072500     3.69440310846561e+000
  6       7               -63750    -2.19597387566138e-001
  6       8               293750     1.01187031525573e+000
  6       9               293750     1.01187031525573e+000
  6      10              -523750    -1.80414324294533e+000
  6      11                50000     1.72233245149912e-001
  6      12              -150000    -5.16699735449735e-001
  6      13                12500     4.30583112874780e-002
  6      14              -150000    -5.16699735449735e-001
  6      15               237500     8.18107914462081e-001
  6      16               -11025    -3.79774305555556e-002
  6      17                20625     7.10462136243386e-002
  6      18                -5000    -1.72233245149912e-002
  6      19                -5000    -1.72233245149912e-002
  6      20                20625     7.10462136243386e-002
  6      21               -20225    -6.96683476631393e-002
  7       7               892500     3.07436342592593e+000
  7       8             -1106250    -3.81066054894180e+000
  7       9               300000     1.03339947089947e+000
  7      10               -86250    -2.97102347883598e-001
  7      11              -263125    -9.06377452601411e-001
  7      12               212500     7.31991291887125e-001
  7      13               112500     3.87524801587302e-001
  7      14              -100000    -3.44466490299824e-001
  7      15                38125     1.31327849426808e-001
  7      16                -4600    -1.58454585537919e-002
  7      17               -14375    -4.95170579805996e-002
  7      18                30000     1.03339947089947e-001
  7      19               -32500    -1.11951609347443e-001
  7      20                32500     1.11951609347443e-001
  7      21               -11025    -3.79774305555556e-002
  8       8              2512500     8.65472056878307e+000
  8       9             -1706250    -5.87745949074074e+000
  8      10               300000     1.03339947089947e+000
  8      11               346875     1.19486813822751e+000
  8      12              -525000    -1.80844907407407e+000
  8      13              -112500    -3.87524801587302e-001
  8      14               412500     1.42092427248677e+000
  8      15              -121875    -4.19818535052910e-001
  8      16               -15625    -5.38228891093474e-002
  8      17                61250     2.10985725308642e-001
  8      18               -92500    -3.18631503527337e-001
  8      19                95000     3.27243165784833e-001
  8      20               -79375    -2.73420276675485e-001
  8      21                31250     1.07645778218695e-001
  9       9              2512500     8.65472056878307e+000
  9      10             -1106250    -3.81066054894180e+000
  9      11              -121875    -4.19818535052910e-001
  9      12               412500     1.42092427248677e+000
  9      13              -112500    -3.87524801587302e-001
  9      14              -525000    -1.80844907407407e+000
  9      15               346875     1.19486813822751e+000
  9      16                31250     1.07645778218695e-001
  9      17               -79375    -2.73420276675485e-001
  9      18                95000     3.27243165784833e-001
  9      19               -92500    -3.18631503527337e-001
  9      20                61250     2.10985725308642e-001
  9      21               -15625    -5.38228891093474e-002
 10      10               892500     3.07436342592593e+000
 10      11                38125     1.31327849426808e-001
 10      12              -100000    -3.44466490299824e-001
 10      13               112500     3.87524801587302e-001
 10      14               212500     7.31991291887125e-001
 10      15              -263125    -9.06377452601411e-001
 10      16               -11025    -3.79774305555556e-002
 10      17                32500     1.11951609347443e-001
 10      18               -32500    -1.11951609347443e-001
 10      19                30000     1.03339947089947e-001
 10      20               -14375    -4.95170579805996e-002
 10      21                -4600    -1.58454585537919e-002
 11      11               577500     1.98929398148148e+000
 11      12              -818750    -2.82031938932981e+000
 11      13               393750     1.35633680555556e+000
 11      14              -193750    -6.67403824955909e-001
 11      15                41250     1.42092427248677e-001
 11      16                58725     2.02287946428571e-001
 11      17               -83125    -2.86337770061728e-001
 11      18                83125     2.86337770061728e-001
 11      19              -104375    -3.59536899250441e-001
 11      20                57500     1.98068231922399e-001
 11      21               -11850    -4.08192791005291e-002
 12      12              2050000     7.06156305114639e+000
 12      13             -1837500    -6.32957175925926e+000
 12      14               800000     2.75573192239859e+000
 12      15              -193750    -6.67403824955909e-001
 12      16               -62500    -2.15291556437390e-001
 12      17               146250     5.03782242063492e-001
 12      18              -177500    -6.11428020282187e-001
 12      19               197500     6.80321318342152e-001
 12      20              -135000    -4.65029761904762e-001
 12      21                31250     1.07645778218695e-001
 13      13              2887500     9.94646990740741e+000
 13      14             -1837500    -6.32957175925926e+000
 13      15               393750     1.35633680555556e+000
 13      16               -15625    -5.38228891093474e-002
 13      17                14375     4.95170579805996e-002
 13      18                 1250     4.30583112874780e-003
 13      19                 1250     4.30583112874780e-003
 13      20                14375     4.95170579805996e-002
 13      21               -15625    -5.38228891093474e-002
 14      14              2050000     7.06156305114639e+000
 14      15              -818750    -2.82031938932981e+000
 14      16                31250     1.07645778218695e-001
 14      17              -135000    -4.65029761904762e-001
 14      18               197500     6.80321318342152e-001
 14      19              -177500    -6.11428020282187e-001
 14      20               146250     5.03782242063492e-001
 14      21               -62500    -2.15291556437390e-001
 15      15               577500     1.98929398148148e+000
 15      16               -11850    -4.08192791005291e-002
 15      17                57500     1.98068231922399e-001
 15      18              -104375    -3.59536899250441e-001
 15      19                83125     2.86337770061728e-001
 15      20               -83125    -2.86337770061728e-001
 15      21                58725     2.02287946428571e-001
 16      16                99402     3.42406580687831e-001
 16      17              -188125    -6.48027584876543e-001
 16      18               172500     5.94204695767196e-001
 16      19              -130625    -4.49959352954145e-001
 16      20                58750     2.02374063051146e-001
 16      21               -11902    -4.09984016754850e-002
 17      17               577500     1.98929398148148e+000
 17      18              -745625    -2.56842826829806e+000
 17      19               570000     1.96345899470900e+000
 17      20              -272500    -9.38671186067019e-001
 17      21                58750     2.02374063051146e-001
 18      18              1282500     4.41778273809524e+000
 18      19             -1148750    -3.95705880731923e+000
 18      20               570000     1.96345899470900e+000
 18      21              -130625    -4.49959352954145e-001
 19      19              1282500     4.41778273809524e+000
 19      20              -745625    -2.56842826829806e+000
 19      21               172500     5.94204695767196e-001
 20      20               577500     1.98929398148148e+000
 20      21              -188125    -6.48027584876543e-001
 21      21                99402     3.42406580687831e-001
